50
81 39 6 9 58 54 62 42 30 97 54 94 35 82 81 1 41 70 34 27 50 92 47 89 8 4 61 83 52 20 15 99 60 21 74 84 41 35 93 72 98 46 31 33 94 11 34 0 47 34 
0 0 0 0 0 0 79 0 66 0 0 0 0 75 0 0 0 0 79 0 0 5 0 19 0 83 4 0 49 0 0 0 2 0 53 77 0 0 0 0 0 1 0 74 65 28 0 0 0 
0 0 0 86 0 63 0 64 65 0 0 0 21 0 0 0 0 63 0 0 61 0 0 0 0 0 0 0 0 96 0 0 0 0 0 0 0 23 0 0 0 11 0 74 64 0 0 90 
0 58 0 0 0 0 0 0 100 28 94 0 0 50 0 61 4 92 0 0 0 0 0 0 0 34 0 0 0 0 0 0 0 0 0 0 0 81 3 0 0 46 0 0 0 0 16 
9 0 16 0 0 0 30 50 0 0 19 0 0 54 0 0 0 0 11 0 93 0 29 0 0 0 0 0 0 0 3 0 0 0 0 0 0 0 69 7 0 0 11 0 0 0 
0 23 0 0 0 46 0 0 60 0 0 0 0 0 0 0 0 12 0 0 0 0 0 0 0 0 0 0 0 0 0 38 0 0 0 0 0 57 0 0 0 0 0 33 0 
0 0 0 0 0 0 0 0 0 0 92 69 0 0 0 0 0 0 0 0 0 0 0 0 0 0 0 0 0 0 0 0 0 0 73 0 0 0 0 0 0 0 0 0 
67 0 0 92 98 0 0 0 0 0 0 100 29 44 0 0 0 0 0 0 0 81 0 0 0 96 0 0 0 0 0 31 3 0 86 73 0 83 76 0 63 0 0 
100 25 0 0 14 96 100 0 0 0 0 0 0 0 0 0 0 0 0 0 56 0 0 0 0 0 14 0 0 0 0 25 0 0 18 0 68 43 0 0 0 0 
0 0 0 0 0 0 0 0 0 0 0 0 0 0 0 0 0 0 26 0 0 0 0 0 25 88 0 77 91 92 92 6 0 0 10 63 69 0 62 0 0 
0 81 0 70 0 0 0 0 0 0 100 0 0 0 0 0 0 37 0 0 0 17 0 0 0 0 0 0 0 0 96 58 0 0 6 65 0 0 0 0 
0 79 7 0 0 24 25 0 0 0 0 0 0 0 48 0 99 0 0 0 0 0 0 0 0 0 0 0 0 0 0 0 0 28 48 0 0 0 0 
0 0 0 0 0 9 0 4 0 35 68 0 0 0 0 0 53 82 24 0 67 0 0 0 7 0 0 0 0 0 20 0 21 0 0 0 0 68 
58 0 0 68 0 0 0 0 0 0 0 0 0 0 0 0 0 0 96 0 0 0 9 48 0 0 0 52 0 0 0 0 0 0 0 0 0 
0 0 39 0 14 0 0 0 0 0 0 49 13 0 34 0 0 0 0 0 0 0 20 0 66 65 33 0 81 94 0 0 0 0 0 0 
0 0 0 0 0 85 0 0 13 0 79 0 4 67 0 0 0 27 0 0 0 0 0 37 0 0 0 0 0 0 42 0 56 0 0 
0 0 0 0 0 8 0 25 0 62 0 0 0 0 0 0 0 25 0 0 0 0 0 19 55 0 0 0 65 100 0 0 0 0 
0 0 0 0 0 0 0 0 78 31 0 0 0 8 0 0 0 38 0 2 0 0 0 0 0 0 0 16 0 0 0 47 0 
14 0 0 0 0 18 0 0 0 0 0 0 0 0 6 38 0 0 0 0 86 0 0 0 0 0 0 0 36 28 0 0 
26 0 0 0 0 95 0 47 0 0 67 16 0 0 0 0 72 0 0 0 0 0 85 70 35 2 0 98 100 0 0 
0 0 0 33 0 0 0 0 0 0 0 28 0 0 0 0 0 0 26 0 94 0 0 0 0 0 0 0 0 0 
34 0 0 0 0 0 0 0 0 0 0 47 0 0 0 97 0 0 0 0 43 0 0 0 0 0 0 0 0 
0 0 0 0 0 0 0 0 0 5 0 0 0 0 0 42 0 0 26 0 0 0 36 2 0 0 0 29 
0 38 0 0 0 0 36 0 0 0 0 0 15 0 0 42 67 67 99 0 0 0 0 77 0 72 0 
0 0 69 35 61 0 0 0 42 27 0 0 0 0 0 0 0 0 0 0 0 80 0 9 0 0 
28 0 0 99 0 0 69 90 0 72 0 13 95 0 0 0 0 0 0 0 0 69 0 0 0 
0 48 0 0 0 0 62 0 79 0 0 0 0 0 0 0 0 0 0 0 0 0 0 47 
0 0 0 0 58 0 0 0 0 71 0 0 0 0 0 94 75 97 84 0 0 0 0 
0 0 59 0 0 0 0 0 0 82 0 24 1 33 0 0 0 0 0 0 0 0 
0 0 87 0 0 0 0 0 56 0 62 0 0 0 0 0 0 0 0 0 0 
0 0 0 0 22 97 0 0 0 0 0 0 0 0 0 0 0 0 0 0 
0 0 0 84 0 0 0 0 0 0 6 0 0 0 0 0 35 50 0 
0 26 0 39 0 0 30 0 0 54 0 0 0 0 0 0 17 0 
0 23 0 0 0 0 0 0 0 0 0 0 0 41 0 0 0 
0 0 0 54 0 0 41 0 0 0 0 0 86 0 0 0 
0 0 0 0 0 0 0 0 0 0 98 30 0 0 0 
0 32 0 65 0 0 0 0 70 0 48 98 47 5 
0 0 18 0 0 0 0 32 0 0 10 62 0 
0 0 0 0 0 0 77 0 0 0 0 39 
0 51 60 0 0 0 30 0 0 0 0 
0 0 53 0 82 0 0 85 0 0 
0 0 0 0 0 0 0 15 0 
0 0 0 0 0 100 0 0 
0 0 0 0 0 0 0 
0 0 0 0 0 25 
0 0 74 0 90 
0 0 0 0 
0 0 0 
26 69 
0 

0
492
23 10 2 3 10 4 50 31 34 27 36 47 45 32 8 39 41 30 30 23 14 5 42 49 39 23 13 19 45 39 4 17 48 8 20 8 13 21 40 46 48 25 42 44 8 2 32 48 31 13 
