45
81 39 6 9 58 54 62 42 30 97 54 94 35 82 81 1 41 70 34 27 50 92 47 89 8 4 61 83 52 20 15 99 60 21 74 84 41 35 93 72 98 46 31 33 94 
34 0 34 0 26 18 44 83 66 60 85 75 34 63 79 0 38 65 19 0 83 4 57 0 5 10 37 53 77 0 0 0 2 1 26 0 65 28 0 86 41 0 86 0 
63 28 70 0 14 50 37 0 70 63 61 61 96 0 0 0 0 54 96 85 0 20 0 34 2 60 11 3 28 0 0 87 68 58 13 57 95 100 28 94 77 50 35 
0 4 92 28 0 84 31 34 19 86 0 85 59 46 81 3 0 0 46 65 15 16 9 34 63 0 19 81 14 8 80 100 0 49 95 11 0 93 14 94 63 4 
78 3 40 58 0 37 69 7 21 11 0 9 11 0 71 0 46 22 60 0 0 9 82 8 12 98 86 7 0 16 0 0 0 5 43 74 0 0 57 67 59 
10 0 89 68 84 25 57 8 80 98 11 92 89 67 58 0 38 35 64 9 83 73 64 0 56 0 19 37 0 0 92 98 78 53 0 82 36 48 1 74 
88 74 81 50 84 2 8 0 86 9 31 86 73 79 83 57 63 70 100 25 1 14 96 100 11 50 11 39 16 33 25 95 0 0 64 14 86 77 25 
13 18 65 100 70 94 89 0 81 0 0 90 99 54 0 36 13 1 51 0 0 54 25 88 75 77 23 0 92 6 42 10 63 69 0 62 27 90 
61 70 99 92 0 100 0 0 0 0 55 37 0 44 17 0 24 0 0 26 94 27 6 66 65 0 0 77 96 79 7 43 24 25 0 0 28 
55 61 0 33 0 39 42 0 0 59 16 25 10 8 28 48 77 0 98 93 0 25 0 31 0 9 0 68 60 19 0 53 82 24 49 38 
30 7 76 16 0 20 39 0 73 58 68 58 98 68 0 16 39 86 4 14 76 99 27 84 9 48 66 0 52 16 74 2 89 0 0 
70 41 14 37 75 25 49 13 89 46 86 94 0 0 20 96 0 65 33 0 81 94 0 18 96 99 30 8 85 97 13 0 79 96 
85 3 0 50 10 0 0 23 37 31 87 37 42 0 56 11 11 0 0 39 84 25 100 84 85 98 16 25 0 0 98 0 19 
55 2 25 0 100 22 0 89 0 0 0 94 42 78 31 0 95 8 0 0 0 38 59 23 0 0 0 42 0 16 4 96 
85 14 84 0 0 18 0 0 24 37 2 6 38 94 56 86 86 0 0 53 52 64 64 18 63 26 24 93 47 0 40 
8 53 69 0 72 0 23 0 52 73 10 79 1 98 100 0 52 56 33 27 0 68 0 0 28 52 100 0 76 95 
94 76 29 42 0 65 34 0 68 0 39 0 54 47 0 29 97 0 90 14 82 51 68 34 0 33 67 8 94 
26 23 9 39 42 61 26 8 21 60 0 27 0 29 34 96 0 88 36 0 89 0 97 0 0 8 31 29 
0 99 0 88 49 37 72 66 0 69 35 61 19 18 0 27 0 56 75 74 75 0 51 0 23 60 70 
72 51 51 0 69 90 50 18 13 95 0 37 30 9 25 67 98 66 0 0 85 86 65 79 65 82 
95 0 31 78 11 0 47 0 0 0 58 49 79 71 0 15 0 14 48 81 73 40 61 0 74 
59 0 92 37 16 7 24 1 33 96 57 10 25 82 87 26 0 77 56 0 62 0 69 63 
21 23 26 27 47 94 4 50 5 8 56 0 13 0 52 86 84 12 10 0 0 6 60 
0 30 35 50 0 98 11 39 62 30 3 54 53 87 68 17 25 23 3 87 10 0 
21 38 41 54 0 34 12 0 99 41 66 49 58 4 72 0 22 52 14 43 30 
72 40 0 12 32 37 0 86 0 71 31 48 98 47 5 0 46 6 0 12 
32 13 10 62 0 94 40 73 77 12 13 39 88 54 1 73 0 30 0 
0 98 4 53 72 0 87 85 59 78 100 14 91 22 16 59 88 0 
0 0 58 14 81 83 83 97 25 80 74 13 0 0 72 34 0 
0 26 69 9 80 81 61 0 0 43 83 0 57 0 12 79 
85 50 11 60 92 28 59 67 38 9 11 35 14 0 93 
83 47 0 96 66 0 24 79 15 95 92 42 15 74 
81 88 0 37 38 73 69 0 52 11 56 50 94 
20 81 1 51 49 0 40 70 72 11 47 58 
44 64 0 80 0 66 59 32 84 95 2 
62 0 33 23 27 98 0 18 0 89 
97 10 93 0 38 40 0 43 76 
45 0 68 90 78 20 22 0 
32 18 11 52 0 11 14 
86 0 92 29 57 0 
0 100 97 13 71 
37 74 0 55 
27 0 0 
82 0 
0 

0
300
37 8 22 10 28 4 42 7 50 4 49 49 8 37 13 4 9 3 10 36 50 46 3 6 14 49 37 46 11 32 22 48 39 43 9 18 49 50 25 50 6 25 49 13 14 
